608 2
0 1
0 7
1 12
1 27
2 4
2 12
2 54
3 5
3 17
4 26
4 47
5 62
6 8
6 9
7 8
9 13
10 14
11 15
11 40
13 16
13 59
14 25
15 26
17 23
18 21
18 63
19 32
20 33
21 37
21 50
22 30
24 25
24 65
27 47
28 37
29 30
31 63
31 64
33 60
34 38
35 40
36 38
39 62
41 50
41 65
43 48
44 66
44 67
45 68
46 48
49 56
51 56
52 58
53 65
55 58
55 59
57 59
69 71
69 74
70 72
70 73
71 126
72 127
73 75
74 76
77 78
77 87
78 95
79 96
80 99
81 100
81 126
82 83
82 89
84 94
85 86
85 87
85 92
86 88
86 93
90 91
91 93
94 98
95 96
95 101
96 102
97 103
99 100
99 104
100 105
102 106
103 104
106 114
107 108
107 113
109 116
110 111
110 112
110 113
111 114
111 115
116 118
117 119
119 124
120 122
121 123
121 127
122 123
122 124
123 125
128 129
128 135
129 140
129 155
130 132
130 140
130 182
131 133
131 145
132 154
132 175
133 191
134 136
134 137
135 136
137 141
138 142
139 143
139 168
141 144
141 188
142 153
143 154
143 186
145 151
146 149
146 192
147 160
147 186
148 161
149 165
149 178
150 158
152 153
152 194
155 175
156 165
157 158
159 192
159 193
161 189
162 166
163 168
164 166
167 191
169 178
169 194
171 176
172 195
173 196
173 197
174 176
177 184
179 184
180 187
181 194
182 186
183 187
183 188
185 188
198 199
198 205
199 210
199 225
200 202
200 210
200 254
201 203
201 215
202 224
202 246
203 262
204 206
204 207
205 206
207 211
208 212
209 213
209 239
211 214
211 259
212 223
213 224
213 258
214 219
215 221
216 263
217 230
217 258
218 231
219 220
220 228
222 223
225 246
226 236
227 228
227 233
228 257
229 263
229 264
231 260
232 233
232 237
234 239
235 237
237 251
238 262
240 249
242 247
243 265
243 267
244 266
245 247
245 251
248 251
250 257
252 257
254 258
255 259
256 259
268 269
268 275
269 280
269 296
270 272
270 280
270 324
271 273
271 285
272 294
272 317
273 333
274 276
274 277
275 276
277 281
278 282
279 283
279 310
281 284
281 330
282 294
282 329
283 295
284 290
285 292
286 289
286 334
287 301
288 302
288 329
289 307
289 320
290 291
291 299
293 295
293 336
296 317
297 307
298 299
298 304
299 328
300 334
300 335
302 331
303 304
303 308
305 310
306 308
308 322
309 333
311 320
311 336
313 318
314 337
314 339
315 338
316 318
316 322
319 322
321 328
323 328
324 329
325 336
326 330
327 330
340 342
340 345
341 343
341 344
342 395
343 394
344 346
345 347
348 349
348 350
348 390
349 352
349 392
350 353
351 353
352 360
354 361
355 360
356 361
356 364
357 365
358 364
359 365
362 370
363 371
364 386
366 370
367 371
368 395
369 394
372 378
373 379
374 378
375 379
376 382
377 383
380 382
381 383
381 386
384 389
385 386
387 389
388 393
391 393
67 66
265 267
337 339
196 197
33 32
32 44
44 33
231 230
230 243
243 231
302 301
301 314
314 302
161 160
160 173
173 161
261 263
332 334
190 192
61 63
60 32
32 40
40 60
260 230
230 239
239 260
331 301
301 310
310 331
189 160
160 168
168 189
261 241
241 345
345 261
61 42
42 69
69 61
190 70
70 170
170 190
332 312
312 341
341 332
68 67
267 266
197 195
338 337
320 293
293 297
297 320
50 24
24 28
28 50
178 152
152 156
156 178
249 222
222 226
226 249
313 292
292 333
333 313
171 151
151 191
191 171
242 221
221 262
262 242
43 23
23 62
62 43
190 73
73 165
165 190
61 37
37 74
74 61
332 307
307 344
344 332
261 236
236 340
340 261
373 347
347 395
395 373
120 75
75 127
127 120
80 76
76 126
126 80
372 346
346 394
394 372
287 283
283 325
325 287
20 14
14 53
53 20
218 212
212 253
253 218
148 142
142 181
181 148
35 10
10 60
60 35
163 138
138 189
189 163
234 208
208 260
260 234
305 278
278 331
331 305
319 304
304 321
321 319
46 38
38 49
49 46
248 233
233 250
250 248
174 166
166 177
177 174
155 134
134 185
185 155
225 204
204 256
256 225
27 6
6 57
57 27
296 274
274 327
327 296
52 30
30 51
51 52
180 158
158 179
179 180
255 219
219 252
252 255
326 290
290 323
323 326
192 193
193 170
63 64
64 42
334 335
335 312
263 264
264 241
45 66
66 68
172 196
196 195
315 339
339 338
244 265
265 266
247 235
235 238
238 247
318 306
306 309
309 318
79 77
77 88
88 79
387 360
360 390
390 387
385 361
361 388
388 385
109 107
107 115
115 109
84 82
82 90
90 84
382 359
359 363
363 382
378 367
367 369
369 378
383 358
358 362
362 383
379 366
366 368
368 379
106 101
101 112
112 106
103 98
98 105
105 103
119 118
118 125
125 119
391 353
353 392
392 391
380 365
365 384
384 380
91 89
89 92
92 91
176 164
164 167
167 176
48 36
36 39
39 48
22 16
16 58
58 22
150 144
144 187
187 150
374 371
371 376
376 374
389 355
355 357
357 389
375 370
370 377
377 375
94 83
83 97
97 94
34 29
29 56
56 34
162 157
157 184
184 162
393 351
351 354
354 393
116 108
108 117
117 116
236 216
216 249
249 236
240 222
222 253
253 240
19 15
15 54
54 19
