624 2
0 1
0 7
1 12
1 28
2 4
2 12
2 64
3 5
3 17
4 27
4 56
5 76
6 8
6 9
6 36
7 8
9 13
10 14
10 44
11 15
11 45
13 16
13 72
14 26
14 70
15 27
15 69
16 22
17 24
18 21
18 77
19 33
19 69
20 34
20 70
21 41
21 59
22 23
22 71
23 31
24 82
25 26
25 78
25 83
28 36
28 56
29 41
29 78
30 31
30 38
31 68
32 77
32 80
33 73
33 79
34 74
34 79
35 41
35 75
35 94
36 67
37 38
37 42
38 66
39 44
39 45
40 42
40 49
42 61
43 49
43 76
44 74
45 73
46 59
46 83
47 48
47 75
47 89
48 84
49 57
50 57
50 82
51 79
51 85
51 86
52 87
52 88
53 54
53 85
53 86
54 87
54 88
55 57
55 61
58 61
58 66
59 78
60 66
60 68
62 68
62 71
63 70
63 83
64 69
65 71
65 72
67 72
73 74
75 81
76 82
77 81
80 84
81 84
89 91
89 94
90 92
90 93
90 207
91 155
92 156
93 95
93 194
94 96
95 158
96 157
97 98
97 99
97 109
98 100
98 110
99 119
100 120
101 123
101 157
102 124
102 155
103 104
103 105
103 111
104 106
104 113
105 117
106 118
107 108
107 109
107 115
108 110
108 116
111 112
112 114
112 115
113 114
114 116
117 118
117 121
118 122
119 120
119 125
120 126
121 127
122 128
123 124
123 129
124 130
125 131
126 132
127 128
127 129
128 130
131 132
131 139
132 141
133 134
133 135
133 140
134 136
134 142
135 143
136 144
137 138
137 139
137 140
138 141
138 142
143 144
143 145
144 146
145 147
146 148
147 148
147 153
148 154
149 151
149 158
150 152
150 156
151 152
151 153
152 154
155 157
156 158
159 160
159 166
160 171
160 187
161 163
161 171
161 223
162 164
162 176
163 186
163 215
164 235
165 167
165 168
165 195
166 167
168 172
169 173
169 203
170 174
170 204
172 175
172 231
173 185
173 228
174 186
174 229
175 181
176 183
177 180
177 236
178 192
178 229
179 193
179 228
180 200
180 218
181 182
181 230
182 190
183 241
184 185
184 237
184 242
187 195
187 215
188 200
188 237
189 190
189 197
190 227
191 236
191 239
192 232
192 238
193 233
193 238
194 200
194 234
195 226
196 197
196 201
197 225
198 203
198 204
199 201
199 208
201 220
202 208
202 235
203 233
204 232
205 218
205 242
206 207
206 243
207 234
208 216
209 216
209 241
210 244
210 245
211 238
211 246
211 247
212 213
212 244
212 245
213 246
213 247
214 216
214 220
217 220
217 225
218 237
219 225
219 227
221 227
221 230
222 228
222 242
223 229
224 230
224 231
226 231
232 233
234 240
235 241
236 240
239 243
240 243
248 249
248 255
249 260
249 276
250 252
250 260
250 312
251 253
251 265
252 275
252 304
253 324
254 256
254 257
254 284
255 256
257 261
258 262
258 292
259 263
259 293
261 264
261 320
262 274
262 317
263 275
263 318
264 270
265 272
266 269
266 325
267 281
267 318
268 282
268 317
269 289
269 307
270 271
270 319
271 279
272 330
273 274
273 326
273 331
276 284
276 304
277 289
277 326
278 279
278 286
279 316
280 325
280 328
281 321
281 327
282 322
282 327
283 289
283 323
283 426
284 315
285 286
285 290
286 314
287 292
287 293
288 290
288 297
290 309
291 297
291 324
292 322
293 321
294 307
294 331
295 296
295 332
296 323
296 431
297 305
298 305
298 330
299 327
299 333
299 336
300 334
300 335
301 302
301 333
301 336
302 334
302 335
303 305
303 309
306 309
306 314
307 326
308 314
308 316
310 316
310 319
311 317
311 331
312 318
313 319
313 320
315 320
321 322
323 329
324 330
325 329
328 332
329 332
337 338
337 344
338 349
338 365
339 341
339 349
339 400
340 342
340 354
341 363
341 393
342 413
343 345
343 346
343 373
344 345
346 350
347 351
347 381
348 352
348 382
350 353
350 409
351 363
351 407
352 364
352 406
353 359
354 361
355 358
355 414
356 370
356 406
357 371
357 407
358 378
358 396
359 360
359 408
360 368
361 419
362 364
362 415
362 420
365 373
365 393
366 378
366 415
367 368
367 375
368 405
369 414
369 417
370 410
370 416
371 411
371 416
372 378
372 412
372 430
373 404
374 375
374 379
375 403
376 381
376 382
377 379
377 386
379 398
380 386
380 413
381 411
382 410
383 396
383 420
384 385
384 412
384 427
385 421
386 394
387 394
387 419
388 416
388 422
388 425
389 423
389 424
390 391
390 422
390 425
391 423
391 424
392 394
392 398
395 398
395 403
396 415
397 403
397 405
399 405
399 408
400 407
401 406
401 420
402 408
402 409
404 409
410 411
412 418
413 419
414 418
417 421
418 421
426 428
426 431
427 429
427 430
428 493
429 492
430 432
431 433
432 494
433 495
434 435
434 436
434 486
435 438
435 488
436 439
437 439
437 446
438 447
439 491
440 446
440 448
441 447
441 449
442 448
442 452
443 449
443 453
444 452
444 456
445 453
445 457
446 490
447 489
448 484
449 485
450 456
450 460
451 457
451 461
452 481
453 480
454 460
454 464
455 461
455 465
456 477
457 476
458 464
458 493
459 465
459 492
460 475
461 474
462 470
462 494
463 471
463 495
464 471
465 470
466 470
466 474
467 471
467 475
468 474
468 476
469 475
469 477
472 476
472 480
473 477
473 481
478 480
478 485
479 481
479 484
482 485
482 489
483 484
483 490
486 489
487 490
487 491
488 491
492 494
493 495
